1654763910.77
1654763910.82
1654763910.83
1654763910.84
1654763910.85
1654763910.86
1654763910.87
1654763910.88
1654763910.89
1654763910.91
1654763910.92
1654763910.93
1654763910.94
1654763910.95
1654763910.96
1654763911.05
1654763911.06
1654763911.07
1654763911.08
1654763911.09
1654763911.1
1654763911.11
1654763911.13
1654763911.14
1654763911.15
1654763911.16
1654763911.17
1654763911.18
1654763911.19
1654763911.2
1654763911.21
1654763911.22
1654763911.23
1654763911.24
1654763911.25
1654763911.26
1654763911.27
1654763911.28
1654763911.29
1654763911.3
1654763911.32
1654763911.33
1654763911.34
1654763911.35
1654763911.36
1654763911.37
1654763911.38
1654763911.39
1654763911.4
1654763911.41
